52.13671955549576 9.762020331254861
51.92138664595274 9.924090871808954
50.21109526332447 8.433062998070248
51.658958621839076 10.460774103070797
51.393320556323296 9.345552001317536
52.81716662605772 9.66094208972929
50.68884042054669 7.759234112058413
51.57929852952084 10.07520879242426
50.68139945159862 10.887124119156983
51.868721159683666 8.862069456023084
51.49402248401986 10.29421580198219
51.64513193315924 10.212449580254054
51.311821964546624 7.659258395040218
51.45864846391743 9.36529174597846
51.179173394965375 10.13514749592729
52.05296194466254 9.816541540965682
52.76707827113535 9.78113035105864
51.722128356262864 10.189920386589984
50.87659473011163 11.106581414931574
52.18050280107312 10.48752855545942
50.92711738182652 10.320082523766757
52.18367833445343 9.542658326946416
52.0922723765406 9.933082046880724
51.1527864351982 11.561009880492772
52.12596347273198 8.535306357727224
51.5002212698317 8.902704723983533
51.33342359952679 9.174310196926932
51.396318953339836 9.272671599026994
52.08655891906318 11.315586858444801
52.043656830427274 10.980383842838004
51.64227816055073 10.62296088352522
50.22090178145082 7.947807655759856
51.6363145618231 10.872087473388262
52.147625303096646 9.833727516705952
51.950125097322 8.686128288017208
52.05178091628039 8.307123210137336
51.55496662117079 10.066158924530713
51.2319971589436 10.134834227974101
51.39314242520124 8.331674423967826
51.15011798208405 8.100093102169641
50.66616707688006 9.338494068386241
52.20924182328781 8.10932163464907
52.09732452292552 9.946782679888921
51.20105873977713 8.511900572491486
50.147584961341046 7.137054783381422
52.65065583219857 8.607102511093395
52.29224700096637 9.574629907014646
51.994227919509534 10.374074409665749
51.67706744240851 9.282993935237775
50.95317151294521 10.475165698244163
52.31349000918992 11.179147357130896
51.34790617152545 9.913171281059208
52.01014024348598 9.29190777379221
51.656378769176875 10.14241168240243
52.56754944230346 9.24692628789505
52.003307633393426 9.702059725976577
51.063842008202215 10.205470964808322
51.10684160975819 9.282584675102106
50.72422961725316 9.627744960665273
52.30343570553443 10.04125076634719
52.09017618850629 8.535279860949647
52.50417683996085 9.678989882756223
51.99388231217655 9.872602775311467
51.86990822191994 9.343606507163612
53.14496697565776 8.69345079914115
51.92067599031134 8.712800120892094
51.85142475585271 9.15555605028311
52.12644913859459 10.150068120022604
52.35420368924225 8.550040296123312
51.93282228271677 9.719084369788193
51.67920621014662 9.92052008895539
50.991893152438195 8.570582551990544
51.51179847049305 10.158497333116866
52.04418659329209 10.133547842834755
51.89630945723917 9.228127920983997
51.311891404689064 9.635923384207103
50.792445600776915 8.835459221685355
52.129294081190025 11.482843414106123
51.69049372874132 9.63651790423685
50.825999560375 9.362769001221524
50.72277705820747 9.719317951680063
51.15056325349389 10.126167752485122
51.39311213960029 9.45435814148447
49.91053239026351 8.88970448181534
52.13805263651248 9.626069811943523
51.65349946371384 10.853788645681915
51.80525657760599 9.527212449805885
51.77177191937686 9.051769843443504
52.04917965439272 8.536798454479998
51.182730499186086 10.497621481098642
51.27563136963817 8.821252554405666
51.583500368216455 9.430117316194684
51.72398737580802 9.555186278619022
52.56299676864388 9.698738424927775
52.14467385371077 10.075765468466805
52.328286826320294 7.777096943905162
51.81744811109248 10.244914618575239
52.85805506804841 10.394281655683528
51.999666799133166 9.243236485798047
51.916480033191505 10.933834064901497
51.49751251520654 8.973106680848932
51.44081146339559 9.675342352767588
52.72036240016846 9.75231760358036
51.335418487984235 10.279321186065392
51.78729838092576 8.183946418383961
50.47137870609603 11.391908582726554
52.17429820644993 8.024527065137189
52.24054945360843 10.112616080398965
50.54118190061414 9.430751629895457
50.58312488414533 12.483855023888594
50.79321772735065 7.0766099145193095
52.06599617272874 9.643049702178505
51.739577563270565 8.886889858152042
51.12562263040071 8.431496346785005
51.63320803376703 9.970226310895798
51.65272129190104 9.201511106570539
51.173484142169116 9.757467513506834
51.30137688852736 9.510907513461243
52.0462141422804 9.566551790677414
51.60937920877955 9.205213814743605
51.108718413521714 8.739861168245252
50.92016917139294 8.45161392417559
51.898353191342736 10.533464591106528
51.63660394856006 9.136315597851318
50.77699046689079 9.585082606444033
50.615381236735104 11.395982273743355
51.33986976485049 9.176598076814411
50.705831757284734 8.400413702024956
51.64744398743159 10.130135638292405
52.637714363220944 8.902122487611784
51.50055283052889 8.639367142959632
52.28402220897066 10.23194202696165
52.67452987018637 8.5190654749269
51.149124679518195 9.599561166198995
51.620284924677335 10.375889322015103
50.86549547467148 7.267049123933154
52.58090182385643 9.780394466260915
51.79504502965949 11.348916434803087
51.04414102603533 10.346833455037967
51.08173529737797 9.397891405796472
50.71715025743133 7.241900664527768
52.17258471986169 8.809066300057408
51.45432261294577 10.190761094668652
52.51077654023538 10.597934382748637
50.932312479376115 8.858590816871386
52.23796118874849 7.589073379783844
51.90927064123954 9.983145045715695
51.39200962982545 8.252529473902602
52.84563182007047 9.771507116636544
52.40807938098662 9.544240381272763
51.568365364156364 9.269819617475434
52.27638163365892 9.998036498983822
52.33779934947121 9.671281446888997
51.53918824265434 10.50624484552835
50.84523553872342 9.934694929721898
51.2467962324079 7.765080868863666
52.105752588681916 9.291286623078985
51.16826031143607 7.534327917935955
51.79373011027162 8.959351827789954
51.681183158157594 8.201679068467275
50.769222748585605 12.172042259263211
51.44465422897052 11.217890131200734
52.2049935794337 9.899956061744582
51.86530570207704 10.009839962933901
51.699791208118484 9.48486532159543
52.40189192189758 7.062529531179065
51.25146012088149 11.476315862328606
51.36883848432069 10.193306558074525
52.51680645458919 10.234723565104117
52.63853040808448 7.916401800046823
51.26382944384127 9.193973238938861
51.8522655961996 9.528183778197382
51.36225280036248 9.94354702172971
51.59724439838548 10.252899330284036
51.798547462491314 9.371982455532887
51.9459765714713 8.871706251649421
50.91377024172355 9.371123588192109
51.1589326030854 9.803737859586237
50.43455446850716 9.43517850882379
52.15923465199476 9.114349530641693
51.790963516165526 8.945356847533132
51.0796319094984 9.056581915421448
51.93382560594298 9.024679578910462
51.85502689628519 11.52998220557489
51.987524989044516 10.392405575184796
52.1658082658322 9.492703526369207
52.34573858752314 9.642114998143649
50.986216833559475 10.309773854553747
52.035409723054386 9.195617516460453
52.822340686216435 9.115503878747903
52.44236627836263 8.037984496353353
51.247785205978126 10.390228391942646
52.19193143535266 8.360987701215238
51.34816092271067 9.138691566801457
51.92984147078239 8.704938400370832
51.58397802298394 9.910169372897267
52.081663994997356 9.234295799337975
51.282797653186876 9.268040403619333
51.92798635820327 9.903169472220101
50.954183880087335 11.020019031068545
49.53730103117347 8.331359083610279
50.74971932307766 8.059175047499023
51.68432166132198 10.791951360042063
51.63909093767103 8.75211056083684
52.440190706631206 9.54445272227441
51.9776109363866 8.285834320206176
51.160935768299474 9.882370399790632
51.3748906901596 9.791547603050393
51.69630127925347 9.391779764598017
52.07450192419015 9.622630977755447
51.81141165713824 9.54205873876153
51.3364002375411 9.491381513545921
50.797148873495 7.431262431422079
50.40320664159829 8.910283261462913
51.493125552140576 9.680476232486395
52.17497601681998 9.207520073500406
51.74064588536971 9.120233692912203
50.99856374346627 7.252535084288688
51.87962263086343 9.198143725710151
51.67394938378188 9.472866527282171
51.857052881447096 9.984840900036385
51.776857211333706 9.260977168319407
52.03417890971665 10.374950346589836
52.079982698719384 9.424212161254262
51.20637541897808 10.193453603639275
52.06903933821172 9.628375348547976
52.21752489630989 10.237090363753529
50.686908615322345 11.5150595793841
51.23293432241234 9.84698913833092
51.47056900674159 8.678874228996515
51.84643183182308 9.843807580095284
51.303115501559446 9.614207770578968
51.7148108595219 10.621472387320296
51.0450797140383 7.456219195475468
51.67763760259901 9.121264859798888
51.75707347165963 10.356451520948612
52.42624131966232 10.28021705303967
52.36959279254834 7.736529554962133
52.129419944684415 9.015150763421735
51.909852904110295 8.958429985146577
51.456017223062716 10.401993696142664
51.798364782139295 10.104616560654756
51.30164871571667 9.830387067706711
52.30469100523684 10.143893931506833
50.11259875115837 7.9826529174254715
50.92463886671885 7.739602179782088
52.67422263966773 10.118203260842774
51.97264863547677 9.406331899019381
51.139221056583665 10.413136862794824
51.99542500682466 10.11070765549908
51.745060423010536 9.530448614352114
50.322546534743026 8.173751614934904
52.01801256293939 9.067848395838878
51.151773134845584 9.33085481755876
52.174165233280746 10.50525053214658
51.04725694755441 9.743540141427053
52.001840045749645 9.43630727361034
51.947964373902224 10.299947752671425
51.31824434721925 8.287180816358516
51.75981316362234 8.485608181594799
52.073580110944256 9.410564058819363
51.896147031285544 8.355835163335485
52.07489485598382 9.745445073352494
51.09024262272828 7.440256442166121
51.85256790656821 8.56896015886806
52.04267170767405 9.618364813928094
52.029811619649095 10.205731770978046
51.48384050299243 10.39412239086466
51.49118067600454 9.122310561300816
49.542628396477454 9.063472506268411
51.287037479951245 9.020619488641657
52.27304387782802 10.790889385945448
51.341357905007975 9.29979250543345
51.9644794690731 8.969325813384229
51.813643355687546 7.676558106154093
50.845028643177166 9.797135235730549
51.78649152137063 10.161561216906135
51.74074345837438 9.5083085496422
51.83693687115421 9.251012220440549
51.903105371178896 8.584419528359192
52.02635743401101 9.528392932620088
52.055697134621326 8.62559267678161
52.89856171532398 8.538294091752885
52.04711700585876 10.111750712665286
52.13359145720574 9.743334656333467
52.340609751439494 10.158884488971054
52.0014158939643 9.586714061906111
51.364335099820025 8.770134962387376
52.09701851634999 9.541724367310097
52.30796675015383 8.606994948735538
50.26091730485828 8.121765294667668
50.979885250884145 11.690898172594027
52.28655719530723 9.506497828121496
52.64963461628052 10.342396129699472
52.20001023980498 9.791188819967665
51.738823383589754 9.283740149473843
52.00996453297559 8.612940642836694
51.15601782027734 8.872321165110854
52.38576835569162 8.996607722110788
52.51034235553063 9.237493522373736
50.02802495413627 8.684767785926132
52.23071430886438 10.542852765343106
51.93434773599795 8.862135753690964
50.375041414547724 8.85298137872405
52.0203320006641 9.095222845315352
51.655503485678615 10.374834530992826
51.251514711694696 10.868397625794806
51.30515716665445 9.648023257007562
51.441906305401695 11.01255850601221
51.44609666714493 10.543505454216419
51.61021190006023 9.725354370085714
51.98224021050486 7.147899953455514
51.97124086851489 10.323669300023829
51.95344879494779 10.674553949511333
51.87924889248363 9.218556581411967
52.72236683998143 10.355878750550715
51.12578387062337 8.655632697455726
52.0053514169052 9.820229769014501
52.15638321810401 9.057840419940444
51.49084486750256 9.962716964361054
50.54974606032294 7.410919587271632
51.47837709951646 9.18386035332963
50.72399623285891 8.790279357611517
51.318209190147925 13.29095989500361
52.660974958372776 9.806207217169264
52.058916627773264 9.258401214467089
51.816469052901766 8.81910169004996
52.21731262417338 10.605006851566593
51.74536233039777 10.314617591363957
52.28459895535467 9.325895463076929
51.789671584428184 8.840815861784153
51.49593588809727 10.124320927168174
52.11024261896773 8.582220964629798
52.43729166856627 10.629623183741383
51.11595681033609 8.684481270729727
51.584502210924214 10.627268755345114
51.5002931294989 8.888873433571877
52.10559259691715 10.545009913145396
51.77854134717758 11.617120559119245
52.31354797182147 9.643796878793951
52.315254699703594 10.203829337332772
51.992727591171764 9.193344589463052
51.52937613143479 8.54086309738302
51.70425021633979 10.65432354338142
52.1490437609185 10.1841069627163
52.36276591947696 8.395013313120963
52.16314017042165 8.390075030861297
51.866239920051434 9.791416625540764
52.1797892481271 9.74211456685218
51.91033221207575 9.025733337769337
50.561755618197836 12.121561757780176
51.348863028651685 8.960695568147914
52.23852852187404 10.165596172148225
52.44037844938764 9.196119993622892
52.283442744989024 10.237268405793984
52.48344301649836 8.924854421777216
50.02038450238674 7.216124534940203
52.65704041096161 8.663680346055587
51.12423472471752 9.973618055241577
50.65479095854418 8.816632266283493
51.93150106682874 9.519857169652449
52.55096132471626 8.717585924989127
50.77535544394313 11.699724442259134
52.25594153306439 9.477922920562985
52.09907149839881 8.780820783828078
50.53952262786112 8.34616296448519
52.23722893072132 9.350475992543103
52.153621430616155 10.362844472711833
52.02334478396823 8.251466424122663
51.590172756985254 9.146342578685537
52.19967045938458 9.90402957750735
52.79960768926948 11.600463491271952
51.51689233551495 9.738458568992915
50.37042471711103 9.812659568846774
51.8902226326064 9.385466357214902
51.156828152948286 8.614487040978595
51.43081886004736 9.880965387396689
52.070718349678735 8.707846162069831
52.050894175843744 9.198327405361676
49.879779669476534 7.21504249944843
51.37756090834377 9.525301437708382
52.7848005940508 9.630499651903195
51.56415755356934 9.742072559607218
52.65407145129761 9.739001773429536
49.897127267528724 12.723372232849385
51.770708520988286 9.395613206766766
52.10791287721454 9.495802944975598
52.748326537208136 9.336425128729656
52.91383975230698 8.341316763300604
51.731833849475606 10.07000340178713
52.7580717825501 8.503958245619822
52.33232347178903 10.360160777911913
52.401696962973645 8.641947775297972
51.805066207227256 10.161801199888783
52.17462862883044 8.720833034678556
51.906578881034186 8.666703561945397
50.249948880824725 9.535277371767567
51.850036827044654 10.811152407118978
51.55928858260488 9.14110719327617
51.95652199637619 9.149695666404833
51.299925447988365 6.726577148413517
51.72175546337781 9.169022542197245
51.72067659913603 8.803754310334403
51.43648143310002 9.555200528308935
51.9172829312883 9.01553098929533
51.29265056206207 8.939096176588356
52.04831802013023 9.778838594140048
50.714246367036246 8.25762549424561
51.33998651660342 9.203157152742802
52.391494633157734 9.275155040852951
52.62701710133023 10.724097470543825
52.37724970282853 9.630561102605526
51.46176889527361 11.071548596528807
50.947800306730834 11.981113084889513
51.44213893045902 9.716144010762001
51.306729235131726 9.822523682744466
52.526332080278245 10.215843168534956
51.10814978664466 9.00943671774981
50.71539269238148 9.846293976725898
51.20501637530431 8.491026697734169
51.37641189725645 8.527550430161947
52.316017589652205 10.083125957800034
50.42449576042646 6.980933941408653
51.75809982118401 9.667007340689144
49.767701089777056 7.237401883387971
51.96079780404631 9.58790371511303
52.20202997893089 8.849167923540296
52.2341439484005 10.144989036057765
51.65126051669109 10.070227421675614
52.60432400847545 10.423047398074774
50.766791190252526 8.43255540863237
51.42873774502327 9.582541151431595
51.20442485646395 8.955664227490535
52.975824645901085 9.640519306481126
50.95189033387901 9.427457757221887
52.07031998212298 9.893602055106019
51.62742317166216 9.999815780023845
51.45332577939022 10.767876125093455
51.43893303623124 9.640392804980836
52.289455114307174 8.93618307949057
51.74774401722601 9.898863831964842
51.13795585641098 7.467925369653888
51.084222969706815 9.339931977072451
51.9937556760306 10.473291415727783
52.7667579968434 9.433712619176703
52.01076149673378 9.555297757974994
51.82670643728248 8.857274773628971
52.053885694376504 9.671474594025614
52.221911804849796 9.469019656879805
52.65862323400244 9.98214851751436
52.70597665834543 9.537697873669726
51.23224587075319 9.384031503073626
51.2180909184987 9.432052898432655
51.66551821527525 9.272136474931848
52.78948072450626 10.538095733613055
51.66711279870279 9.62625704846911
51.802897391752445 10.20274234280674
51.89685526195737 9.297280351391857
51.96549160364187 9.03867886107506
52.83820106566024 8.968626240249032
52.20234796945038 8.923257654778617
50.2132846678933 7.160946394367121
51.52221528319649 9.61586708745874
52.20034326850937 10.0017580168226
52.27294919027154 8.789645443292041
52.109909049604234 10.337577740145548
51.94834009604018 10.548334602947476
51.94679387153135 10.580264063160543
52.00694944332462 9.423488965989904
52.27102238962351 11.195138687661291
51.75620029259346 9.091263828393783
51.34314974527503 9.391824095716842
52.23513187864639 9.73965549326281
52.57323507821336 9.429255174033809
50.31153955861915 9.141566394682146
51.28706816006069 9.433963943443759
51.49958246497012 10.989253202449822
52.275586041150056 9.200671090626063
50.70530577808334 8.249802065724209
52.53874184724024 8.287235169618986
52.14419857842104 9.462850799856406
51.917949426984116 9.258798226171477
51.89118386425534 9.190589513482035
51.40511569357183 10.633998391309127
51.30347387949993 10.884615697759378
51.22700774541056 11.20214968525872
50.95597924488752 12.377508295645345
51.97597910286566 9.889601866759135
52.05743908730436 7.898812240509559
50.586464754872175 12.334762498882753
52.253285263171996 10.046963823282423
51.38207447737504 8.883024246784892
50.14514164198341 8.470859289965526
51.634553662654895 8.471251119883576
51.95610328228246 10.532261265044433
52.271714816971716 9.14657967200757
52.20230567146833 9.37813735468685
51.77407623125969 9.245005449546944
51.54520711670253 9.169286714144562
52.46493540866483 10.359079093721121
52.347327075915125 8.724801596860782
51.41601408215491 8.040573310010403
50.92001035177123 10.030209822463773
52.14053452282977 9.518246988485181
52.234841613153115 8.220729077141312
51.33319722008098 9.612140260792929
50.18893090986676 8.321596487859718
52.1469390140278 10.300624841134418
52.32937029166451 9.780498877062234
52.01629653946506 9.720685778602387
51.165102380968236 9.908115162205346
52.1978551278653 9.926562377566377
51.55754862909207 9.374724029696672
52.239488144684614 9.475058033884169
50.81107086976117 9.179628434427993
50.851777332013704 7.328139546478523
51.82193940500917 10.114653614589631
51.17763716189333 10.830686953887355
50.69084448002481 7.706301181912894
52.111009449985495 9.93431526955368
51.75000242333333 11.140126910161769
51.921408517350464 10.259090859814062
50.9525779418703 8.866124611251236
52.26746393423855 9.795809873496864
50.624083545222 7.378213509855245
51.791321074704655 10.494049857547104
51.660075216461514 9.588364490761187
51.70427326995762 10.694385239633409
51.97186719609328 8.945149146673327
51.89044238827647 9.178657886280364
51.24785613962427 9.699249083372917
52.195497884674786 10.75907139367894
52.06823987035146 10.513761006167845
52.28887233483394 9.413869510501836
51.35506745152068 9.857205069495402
52.35473294826406 9.400118214639301
51.97530645172931 9.968347969981263
52.414158442911756 10.45527442743355
50.72719041522217 7.861286928043042
52.25219413374032 9.57303029615718
51.15960193290958 11.467893470343236
51.67889042128738 9.418499418901554
51.745062703413296 9.647911091013446
52.686365317709566 10.697250921925928
51.41702920130746 9.736312114527962
50.87420082373189 12.051732016752776
51.726053314803224 9.07734014595792
51.88122392022745 9.25237586398913
52.0711658771857 9.666388253246076
50.01382249442381 12.900028463017966
51.36370591100295 8.418406702167703
52.15948800070055 9.717039039331661
50.48782380219798 8.38868160547874
51.81263890522631 9.048303422456188
51.6014272745943 9.710396256826716
52.08529488296416 7.57423186270751
52.545916797660574 9.5575882729278
51.73039691122412 10.032561115380771
51.88008582431686 9.073923378953975
51.70309616786351 10.150228768571717
52.08903361351608 8.86810909170259
51.48221175717931 9.05906735035202
50.56371640128688 9.474738688011843
52.353897034816995 8.819064697537412
51.61286272717812 9.604338330373489
51.11048488702475 9.032845310294075
51.31337742102795 9.31919182473201
50.41932035310386 9.768384925810315
50.79011498433567 9.920550984047887
51.89330114852079 9.15972510429579
52.13604112928694 10.060546342869856
51.617486822261135 9.059968384381934
51.81743625182443 9.682699339786556
51.977183861029644 9.100495595122833
51.55740386064941 8.03752978582929
52.05507694172094 9.220263534487577
49.35998832025281 7.616074347350378
50.78517378832047 9.24613438641726
51.78464780315053 8.38740133747519
51.68481492019274 9.226338219987372
50.58137329353844 6.897049476335879
51.244484971471614 10.28996712068577
50.828956382376845 9.355509568645143
52.4109452997182 9.58876231817732
51.95664164739608 9.459829827031335
52.126192545889204 8.928879348386557
50.92845369158279 8.149631442827797
51.582238819911915 9.778680928024526
49.09325799857123 10.622575586501942
51.68760476268352 9.725351178002812
50.46991988486982 9.812294995542313
52.0835653164223 10.482186993054063
50.18376328978063 8.134172054190238
51.896625793427745 10.27867705015934
52.18134661780627 9.806248077494176
51.295155179187695 8.446578741271857
52.27440188935627 10.261475478495903
51.71889203834104 10.290560045623469
51.02951640298433 8.932779705510857
51.13552982295993 9.072289436062379
51.98743395829718 8.683352035139443
50.34173847651278 9.466293753806243
51.58994036231534 8.85055190603834
51.291402194712 9.425182148207476
51.72500942156582 10.356177043570636
51.706268777205054 9.51999345015566
51.58659025915898 8.858583975711037
51.84286787242322 9.738008101340382
52.36522651548187 7.9814293126697144
50.97636553382169 9.357989094251712
51.63676532004347 8.71601535339757
50.9889518613265 9.048609826374971
51.81790534639895 9.957577856809905
51.818564239780315 9.863851455035862
51.41739949000542 9.693133195830065
51.99302662296306 9.492955041455403
52.223405560460606 9.56417396053531
52.30383667913628 10.646895553071142
50.61444581096494 9.360191922812565
52.57624404996004 8.41998858554093
51.52731205550386 8.788299459844803
51.476481622018476 10.428797297231402
50.78152543503128 7.7200343520940224
52.48209197582268 7.921878266733996
51.81331906740048 9.619963415418404
51.739300664383 9.351305535639174
52.361987120554566 10.386487666178644
51.387926844219315 9.992454291294004
51.50805923365654 8.209707466438765
52.18825471500477 9.020107950637234
50.821041216167565 11.483172067908258
51.932582355834946 9.684869234367355
52.26372030689861 8.903669374409779
51.252031092324515 8.456679967289121
51.73037283427537 8.448092072636525
50.97026021610705 9.488433094520909
51.70204155334475 8.762500408242175
51.92592527166075 10.033757577025295
50.118214390999576 8.214359197843635
51.78520958948974 9.7708137385053
50.184782474402944 13.07875170513595
50.759260366430276 9.14272449020391
50.90864025689781 11.7418582652511
51.75224133278817 9.632669867532437
50.54334419968798 9.146171533608532
51.819183889765036 9.307037240667471
51.630964506474136 10.577829483893868
51.68738699132185 8.854770607796418
51.94155113783574 9.691438294012471
52.200213799815195 10.018328290460422
50.64287433816219 9.309005356764448
52.2172377021887 8.007943635461274
52.05032367296347 9.116984721420117
51.47646358068161 9.52802202903777
52.382278478535746 9.999375422502126
52.181208529483456 9.075748973256422
51.37507065923859 10.798619048185547
50.932094517398255 11.14592808123042
52.188289546614016 8.68393693562252
50.98943589912074 8.165042598282128
52.12771360285483 10.180743615649334
52.34263918707029 9.263918326623033
51.97603202873993 9.569194551386245
52.24037569573963 9.740776932146717
51.170858844093644 8.987138960901287
51.629563069822844 9.671904486657509
52.47997359199654 8.48182950903829
51.86168883456735 9.13795178753267
51.88967359918354 10.061388262631269
50.5691295181415 7.809969480136922
51.7778324952299 9.188712566697088
52.18436813969492 9.239102346088181
52.28267764803118 9.884921536206733
52.32442783304125 9.921947024076683
50.90969771873775 11.248999749683701
49.89697927072305 10.351020650733613
51.70737876430729 9.760656358499782
52.14754280065583 10.352602167114329
50.9833930480168 9.015822258147637
51.10343632586397 7.654692758688069
51.43016091559551 8.5790936655128
52.32811302748056 11.624604667651624
51.55972553315956 9.723452515620203
51.647069668695586 9.801862354079228
52.04488631510194 9.100406348896499
52.01187302143804 10.639088429229465
51.257748489837745 9.249820174671015
52.102882666344016 10.58726812954994
52.204709556784714 9.43444038865824
51.842600474971796 9.93323727056426
51.580557284167355 9.795734384857528
52.146005449710415 10.519266203354642
52.2373795632479 9.734519879255538
51.53458030588162 8.845982213889299
52.155055405712275 9.706235641101685
51.40724695566713 8.570432601083104
51.68362476503273 10.647401963921773
51.57391609974961 9.64580126506864
52.247306659598244 10.43382358112145
51.30700201835633 10.535002832917632
50.96490105854083 9.196511582067801
52.7144031391158 8.386593870134318
50.88438223140987 7.615113382658138
51.94181185703319 8.95609761099062
52.097411816470306 10.784487423065157
51.442931960135866 11.01734759914354
51.735323065333006 9.68744417087762
52.10393273349033 9.773909421685357
50.97856980704494 8.836141540129862
52.26816983247896 9.41240061311939
52.39028699389677 8.97067879728688
51.48373315041253 9.621090389785515
51.60133244660483 9.710868459712575
51.54472283783988 7.190846675826892
51.01122081011671 11.174089734963976
51.61092078766638 9.483196718199856
52.19827582934674 9.834504400530662
50.28703584861941 9.699246491166171
51.1214033354863 9.066486414582016
51.55414641375279 9.947065293302053
52.087757347957634 10.092774180687275
52.822951633225514 9.391834981913867
52.60360462279773 9.641480315854398
51.90938384066061 8.312311781841698
51.84316162322886 9.471279390600785
51.73226196423911 9.208730673580718
51.057937144686484 7.074295506304561
51.85276872695829 10.171087744472882
51.24341988919183 8.518715610330922
51.46929771044221 9.297459219393497
51.55643886275893 9.68233534807407
52.01858646777877 9.248706485147121
51.843440352965004 9.448806141867543
51.29958329831107 10.030870808037957
51.80625274505267 8.30966827335714
52.68464864262292 10.022814273551965
51.44867985476575 9.008937457677602
51.18191185326992 9.427148782284812
51.743513441320985 7.632467669461054
51.32676368981159 9.458986622129322
51.16400572569295 8.55141647882101
51.930988070896746 9.558412518758798
51.688397293215395 9.456612640184797
51.24206703582624 8.69113321889256
50.18887713966691 8.623174375554964
51.84245678128028 9.747273908326209
50.10997160110094 7.791247360571794
50.5568322930282 8.709613746581422
49.29149550993113 6.910984470287175
49.74734092580842 6.8526494862342995
51.40352441033827 9.928443081167531
51.12442732336556 9.294095511215584
50.79364902138421 9.730366319537065
52.21234147297354 9.018483567597558
52.3093230860813 11.566616627057853
52.04761720977106 8.290897651540872
52.217531260055466 10.454541681985345
52.617550995104864 8.727125782939442
50.92570726736631 7.7939023986848746
50.73963203669192 7.307561059468259
51.51221381877815 8.63900233546285
51.64528788855903 9.224855923992829
51.35713003184438 9.459468239477529
51.992712912098796 9.793879053413574
52.74107578827331 10.266955544157977
50.330567967524885 7.601844821357608
51.687772166372106 9.309102493572038
51.9447247719083 8.953596202393273
50.30980997675403 7.948964005890144
51.72069515021785 8.925822532775081
51.79425109599294 7.775742679388683
52.02992547501257 9.662234677547955
52.42430771980401 9.400766745560178
51.86378385187105 9.83972834055026
50.35461177692585 8.186459761651845
51.977417325485874 10.065945427824703
51.93201003402044 9.370507508989988
50.429401515104864 8.899828102128538
51.89446528175958 9.934174787526606
51.99897771935038 10.14698541577925
51.78480448527756 9.844358451361419
51.20772796623854 9.05906814951781
51.92283147482322 9.899989506686468
50.769447422429884 9.538034107387158
52.287372915460374 9.30933840780408
51.7964645940779 8.225476604092256
52.000842305693894 9.820092880981978
51.54310608468487 9.658109966350077
51.72817937168082 9.611856630282771
51.229074836446095 10.273904865249987
51.4869537854767 7.968288868840625
51.59279712352451 9.949648551930695
51.33587474516291 9.751660712571152
51.92678899126493 9.77797795158725
51.25769697342052 9.745822160516678
52.11891243313291 9.573916824344222
51.72517770401274 9.889241159546714
51.48600873573288 10.727433035708405
50.62270453085967 8.91843702454692
51.75775678171416 10.032505837984813
50.86710289915144 9.722359396751175
50.211962984992795 9.924314431284943
52.32272359860797 9.01793187714572
52.298938326270694 10.029312040729025
51.86375875746435 10.152652646712822
51.40962507035045 8.884657911769828
52.24434377867996 9.59484961844392
51.31454666399194 9.302950427026515
51.59803497096633 8.637391105327751
52.296850633810905 8.955477395378235
52.53928732139946 13.231103270469465
51.49148126604192 9.314170226805242
51.2415014964215 8.283195135598843
52.19218932067706 9.580845561326337
50.84141950459152 8.687373302113599
50.9005323410463 9.720302611944021
51.07810569812795 8.564936195624648
52.26733758763171 10.072690801003732
51.01331084382897 9.444964227067882
52.521118113885564 10.506984849414367
51.03687161739717 10.201080017801994
51.68231482236321 9.142900489760871
52.28650948267628 10.471780593942198
51.65092815451556 9.303449649436661
51.74587423672793 9.62667728725346
51.40315005259256 10.678776979232747
51.239566769183256 11.165787532230867
51.29610215332283 10.061650613764998
52.38689979001063 10.516171633407273
52.19898124649326 8.482983811228996
51.76786956672672 9.325900620529794
52.02920063232139 9.883433319143906
52.22248770662372 9.422688604462378
52.12028092340071 9.352275736705993
51.90548663473415 11.468526021132064
52.07413347798302 8.76088403870632
50.86768255478142 8.012449791103673
52.0160099948587 10.154654348601051
51.57144692635189 9.647369164911412
51.08931284853796 8.649057626054653
52.03436283231638 9.086018880591418
51.562194787204994 9.285427274392926
50.59923500014813 12.118538519219637
51.36645384303393 10.358649302393772
52.48793072451661 6.971669093137937
51.88010434792121 10.203762168106941
50.354679256353734 12.097532612474124
52.1114259162563 9.933376577257237
50.29682777178936 7.095295172136149
51.73624044716633 8.791712820624149
52.693697874455246 10.643540393588225
51.65853452290336 8.713995642870444
51.531351749655734 7.667274265188578
50.528586087696404 9.731699571488676
51.33822079930544 9.732705970728817
52.117132957876564 9.292282290611839
52.22388900858049 10.01454420954886
52.14852777570009 10.423705416773263
51.84583085106908 10.383831716331823
51.13986708729401 10.55580801373572
51.38593203098198 8.861814986402539
51.52883797959359 9.084053844860662
51.96356914244943 9.4092285750632
51.577227758914994 9.554466401468416
50.2252829241608 9.555588683704258
51.684725210336126 9.448043246722916
51.96238048420869 8.355472590081819
52.08747307641151 10.931927607572533
50.79645214234217 8.209608348177436
52.0699347445822 9.180846027813507
51.65937637314672 8.5346684866937
52.551494148731386 10.183774988472933
51.14128842655664 11.176744551585534
52.45204106119961 8.0618444967712
52.03245412644622 9.593088040327856
51.52160858505369 8.711680558470515
50.5953850249035 12.992821788027973
51.766730726861155 9.715032698991864
52.22672383481141 10.31525627188599
52.092256711731835 9.216157185769749
51.58329076003933 9.853693851598926
51.93566473537998 8.706475138368251
51.11630319978724 9.556241864055398
52.177360928234656 10.943147178767921
50.82012198449296 10.011574662559577
51.49150993102197 8.181050604912421
50.538975263797816 10.746293616247097
52.002999757765366 9.658258068653682
52.183736766384 9.665857026910839
51.76561160011548 10.301498275319847
51.51044750367766 8.99622204743054
50.88303180400799 7.919865337327788
51.31670601633515 10.58072092693478
52.370139202624266 11.746986398000246
51.85901018290508 11.002373439570652
50.68719021026715 10.684057588571939
51.90244571178027 9.29512214916029
50.001672265738456 7.735197750392912
51.15361853924126 8.245682330204785
51.50011697449461 8.992301990375276
52.00871579531693 9.320102241880457
52.128735543581776 11.05136303024388
51.82864599603844 8.998514405831875
51.440569866103054 6.753308872870449
52.11604139393642 8.549262300917498
51.65446289730533 9.516854038351642
51.81091613019837 10.619070027515892
50.23346210368602 9.683212797914642
50.76346792764798 7.2681255610447195
51.772107313206 9.48827841504997
52.2488783373347 9.062423404991424
51.577314766193865 8.799844648782722
52.136119871636915 9.428845820456187
49.93267949221835 13.542812089734042
50.80161473625453 9.488455081332214
51.00971121786483 9.61979735038947
52.164757499256375 9.014203940691008
51.777349465948966 10.434020821214792
51.81493931541733 9.458515663790823
51.3740495231229 10.174039382772408
51.36952732269616 10.30101792801052
52.14177040166526 8.656064786979274
52.09880772574138 9.912595264495435
51.60575219864518 9.508668254748349
50.33182564855772 7.978544945224087
51.76074745819606 9.297011972944611
51.43512199415977 9.15200522634324
52.43312994520623 10.056782544085785
50.77890039854654 11.127834081594232
51.73921843819134 10.065089062322464
51.05219329424368 9.349088729223725
51.864665450807486 8.840391130467802
52.65950055384182 10.111442362269997
50.71377597717448 7.226953237938746
52.70486334559416 7.977021936659588
51.71183310244849 8.99932518357467
52.032180027038166 10.721951186778131
50.872236904472146 9.655009224604783
52.548415581154856 9.442334825128928
52.10948318868296 10.38501731793962
52.60774303971304 9.584535648479562
51.843780382249506 9.030074695723073
52.07578227440187 9.571472055257622
51.76445544987547 10.093806531710888
52.07945345837591 8.554370546997317
51.93836584325812 9.890971825311377
51.91776382990475 10.067310380728422
52.783844536978094 8.483634888500134
52.05648120558676 10.314952617975486
51.52484942919936 9.278439117886213
52.16751230656367 9.116513787166735
51.687405504949844 9.427168523961392
51.30530492430275 8.81789938014141
52.05698676509822 10.001937346067868
51.42524914187049 9.415745723496219
51.78511438653074 10.411904224680244
51.967758646154174 9.69493430711389
50.38172366940207 10.999609038126092
51.786062341047774 9.390563563914174
51.45653771842829 9.284977325085581
51.62934954514296 9.500295371614628
51.485237849727135 9.207249622189671
51.79332185663049 9.71865059640086
51.939726212203716 9.992632340523432
51.7190415423656 9.791302215726962
51.697353101696706 8.54353844673155
51.059850687851714 9.394925338154351
49.69907263836664 12.383199360840825
51.99526089303851 8.645571813827138
51.578124244274925 9.64540985330694
50.03490049404843 7.796902159960988
52.10644354011249 10.020904119080763
51.53643976989001 8.84615581997073
51.55268433302824 9.915314519816452
51.98281219351617 9.602469342061196
52.23575589287053 9.92370350410127
51.27017076793087 9.696260213026129
51.98925998319674 10.888282361206759
51.97407781976858 9.000164249647426
50.29647746603725 9.83187579334954
50.75433215108659 7.640833358505585
51.317501102186476 8.577282642702372
52.691073519611344 8.48102953312784
52.091617864998476 9.60576315073001
50.97764847610645 9.781592556542833
51.693013824154114 8.054289158681462
51.5599170697617 10.048229428812448
52.22652697308855 7.964848036539785
50.75737011816905 9.048470126443066
52.76961280331354 8.982567961005648
51.1327294188057 9.179257004144771
51.52779492218939 9.53092632897894
51.347871788534796 8.346435854590586
52.429865499372774 8.79060544055223
50.90839585092808 8.628943353356757
52.56227365739261 8.783687950961015
52.19740487665485 9.551533519686549
51.454493235411526 7.88466676200445
51.55290446053804 10.012688309085233
51.3629702293624 9.08708369977315
51.758791877296055 9.589638367960502
51.54125531764876 8.851954811366017
51.97818513648203 9.606247924983972
49.989038006220774 8.572045617027136
52.1839709953469 10.123762734249555
52.052183578268405 7.675355132202386
50.72823177943323 8.725536303461297
50.85834749741111 10.647779340581122
51.34297061144066 10.507969834191712
51.9991116252644 10.354906552126401
52.1073641433979 9.066844459066838
51.95148380660457 9.66349690127559
51.430140708797396 9.05877705838063
51.026785987418485 8.939899480619617
51.6546654475744 9.770003304386146
51.285002725669855 8.886167677667396
51.19653329246186 7.9661678697203095
52.19619235036887 10.078495138936315
51.796739364536585 9.60467441175896
51.81055219638993 10.063278909802914
51.46425040799603 8.605426814980376
51.68182304249943 9.619110498424467
50.84631765273226 8.81705826123497
51.559713657560714 10.191190885182639
52.11271461569073 10.550204922826582
51.63543096705927 9.27042797531481
51.32161407189743 9.690029976110882
51.39354681816144 9.240230347706543
52.32617458289124 8.210856831672542
51.1067621843543 8.668448561836534
50.893064458244154 8.699179004111103
51.46696747846852 9.859175800383744
52.634550707524944 8.094266667679916
51.95195754678085 9.12348032461327
52.231658433522696 10.097696335581393
49.829794208214906 7.671426563417848
50.479738112184876 7.564198687142422
51.16720202592927 9.295455262976233
51.75445296786508 9.475786340627058
51.79059773413767 9.646941882868434
52.54044069898634 10.179637624293596
52.03505924930349 10.591217705299828
52.06239061530957 10.245317345817298
51.57751057959366 9.105030508337965
52.10709518236313 9.884656770266888
52.50998964150555 11.242203961338026
52.41825101959945 8.314341928390514
51.02545264465924 9.04402754924814
51.699581194283276 9.770384449438305
51.28036611584004 9.333075221424187
51.75141211830735 10.333387219211687
52.23181663752303 9.177140443015011
51.38957759291272 9.269212600907329
51.9328070308345 10.559890318236624
52.70490405081379 11.019330750826114
52.55002793528027 8.163901262216575
51.76988183550146 9.372780055861577
51.68046159128133 8.813041783552896
50.84033279455347 7.368234049695511
51.83619248502496 9.630311581316704
50.74570023631613 9.257612066543313
51.883999729650405 9.472498758645592
51.99556959617905 11.030934123339886
51.35893825658258 9.485333797325788
50.840062832095015 8.680609098946537
51.56172223189123 8.929711227188573
52.257119215286814 8.29407121361917
51.688809046608874 8.83972929663989
52.284463108627044 9.317136059975063
51.57371410286004 10.469773061763764
50.84006355954618 9.128041820832443
52.397944638873255 10.133552216355735
51.743621021865565 10.071547265594955
51.67331343664626 9.8977884882309
51.347677602521 10.425003751769664
51.72109235217041 10.483044399212247
51.511362741077996 7.550338212441066
51.39212774105224 10.15213868757685
51.780791669922664 9.572150686165958
51.12376608898444 12.512737356125976
50.759675785447875 13.154764297134847
52.27745091700451 9.49394642321395
51.03985790052711 10.28390242069758
50.44150821253812 10.494393614668837
52.000532077025795 12.013635766464047
51.1190468011894 10.71928031050936
51.873423835486676 9.608831815444804
51.71204507640435 11.068833549826204
52.37147435604126 9.467612407232238
50.6551109407644 7.192726954421325
51.425140841159276 10.190978514501467
51.67235876177518 10.261019136416193
51.310522429566355 8.736500458376458
52.14157687510044 10.245094622232196
51.55659584904336 9.053179867655107
52.55286989311318 10.421504064414032
52.24241831703304 9.581271673600659
51.488573939656554 8.16015772197007
51.390312344999955 11.017857776858332
51.65463040025523 9.500438933541634
50.57278502002888 6.657126106860222
53.090801720630964 7.8454787422695125
52.52359447801714 9.320490467195922
51.80531616089716 8.538986090240059
53.008755002290606 10.473104774898836
51.640575150791946 9.367006280972443
50.77789345338386 8.152820049183973
51.93127576833415 8.723562023725268
52.13216876117397 9.588025474474685
51.38420888788393 9.607381953251819
51.18126203731812 10.812858931432933
50.770592289879104 8.268443651239393
52.02870256122906 10.187458150872917
51.60396088347526 9.189932791251998
51.53894118190372 8.559221250498856
51.393902146007036 7.767969699498394
50.70725706475335 11.230079002644315
51.887025923590535 9.6593994040929
50.509271083606876 7.469510629125545
51.84436385604514 8.833768317462022
51.6646356615098 7.926554491660868
51.154662514972756 8.529071728774337
51.0967441855518 8.78294983600134
51.410890814612785 7.949803399792413
51.981614771259444 9.130019459817884
52.25259890033518 8.567348589123405
51.37476991889328 9.835765536920002
51.82682540161033 10.298742069423112
51.14173150729256 7.936294918588697
50.69031070663256 9.698563694061416
52.30023151716212 9.549621682485263
52.12627577090828 9.605065664897598
51.45399092316874 10.228610688698277
51.17625267844774 9.38914179906599
50.32987394152026 8.524960890383781
52.299236446640805 10.081963850439365
52.07266226534941 9.992535555382933
52.40853231514323 9.566881849796768
51.370874925089446 8.990513915594287
50.58037638523589 7.062471886879901
51.8227026039382 9.884283265373353
52.41325069290301 9.34214726815118
51.24593812624672 10.089956502556628
52.124741279375364 10.626403267078613
51.61794101801379 9.754878503803258
51.79895033947507 9.277965649631955
52.55532411400122 10.44694550020204
51.68947391422369 10.048394092566381
51.417446506777765 9.87120589489329
52.22770078540904 10.354229752365589
51.75649795068492 9.984522750186066
51.62592092369167 9.706876795417406
51.48403251793017 10.23818917014089
50.728476847792805 7.406737252366348
50.98087969749598 8.033565382031005
50.55789940717104 9.890416642980465
52.26222337997894 9.095576051434728
51.50029282850369 9.814866415640898
51.7613784545717 9.343104194152025
50.53658598912089 7.031802758529993
51.575467496313806 9.614789962062474
53.02343738957934 8.89850734547119
51.442902334672695 8.404658843106816
52.13482945420763 7.676060039081484
51.55141493712841 9.249212633584849
50.779066158770476 12.696868130770515
51.987094742511125 8.272476318117443
51.574841365572354 9.540387901832055
52.25810014445696 9.73072679043941
51.56343708551041 7.837583347358988
50.66830793358391 11.415187942890933
51.6398149365683 7.774143604112082
51.70467977046836 9.195749852940283
51.289561624985424 9.973552319786926
51.06436286470318 8.17673896013905
51.83834528589217 10.32127359316669
52.48736893961257 9.25485019498674
51.63276081773917 9.687672521313779
51.11158246098815 8.583277383570968
52.63535611866381 8.802107433265093
52.371602470268925 8.316139981652215
51.94873800105935 8.506131605580498
52.11456094174194 10.608165302965268
52.01110822930449 9.538892613477014
52.25314040500138 10.0274037620144
51.76555022086092 10.15989123978339
52.22347692415532 8.74905778237554
51.138717119481946 10.395481884809136
51.86887462313932 9.966763373136486
51.753088036579044 10.64974841362231
51.25231610482112 10.042372859954057
51.63797450349779 8.718477013577065
52.414534354449884 9.591415145782886
50.99629807854227 8.809815637353207
51.30397877289923 10.023925478436135
52.53043325178746 9.726010265818156
52.192776821701145 10.301442567901756
51.55324749574479 10.311992257784546
50.391587816749706 8.350858312091363
51.648560564625654 9.76073820433842
50.27450894640941 9.63456091588362
51.8571580164396 9.493622929854952
52.660179181921954 8.426985553564121
51.88503940901467 10.957343460542122
50.65719145373162 8.22712266805537
51.17007154956846 7.964437104856209
51.743718992119476 10.345670946773645
52.02221208179299 9.673921939412828
51.21963659168349 6.86725901788412
51.43206572234869 9.151295546159416
52.320605273914104 10.524946497617288
52.013981837461046 8.890906074715689
52.51760675086225 9.600337560631672
51.85523753412076 9.181643557515363
50.01315304286752 8.25103557789254
50.844368345438674 8.297835378470854
49.89345276570007 6.651826852093317
50.828061397762845 10.46140342700568
51.89118507519349 10.395780611670675
52.63934212746471 8.65738629857494
52.62608183549526 9.12417425497953
52.236278168062526 8.620091166752873
52.046954557737294 9.156481030261503
51.19430807001835 9.413784998892579
50.33722687404128 8.919174187593883
52.28370294282845 10.668836191220082
51.895619869055686 8.74603756822936
51.54007496090076 10.417667733561842
51.085684559942095 8.644771503752468
50.95442729188898 8.80361943534599
51.397680398920464 10.434609739624719
52.1185392887804 9.492626540368915
51.65421489557601 9.940230617785586
51.14591896431782 10.033688279225446
51.047724968470206 10.099495963483594
50.70932793014024 9.801674342885576
50.414032999985295 6.871230061268662
52.1833552027456 10.322216343547648
52.07137299447219 10.037204641569712
51.81310676021455 9.498928839210128
51.13347152181627 9.800134618086933
51.24329198945082 8.825355874249203
52.13076468511888 9.645771357510375
52.29470851694892 10.162648585196987
52.171056631458725 10.537977714735685
52.384756104684335 9.332354499220902
51.48234207876148 10.90814653124954
52.056635489703325 8.881920571581231
51.51210848150834 8.233065033030279
51.60142790990028 9.83103431580938
52.06906477654142 9.637151047648036
50.927348641658234 7.739493515062279
51.810744432303274 9.694451680406216
51.30240390939228 9.59655512985018
51.700558432806 9.651429284079285
51.67719601966556 9.989365911273008
51.40723698951305 9.701950897602506
52.05979457491098 10.392321830836579
52.21365644235616 10.139167628141646
50.29348987371618 6.815288966034794
51.16331487657871 9.222915900904965
51.93204388320934 8.492966465661297
50.466407821438814 7.5686598211567055
51.9451297910532 10.284747338157251
51.69203068163669 9.322736517665104
52.370024680280466 9.423837778818374
51.79173194968332 9.663844201966699
50.82032910740445 8.372051492678173
51.93974584860974 9.868923572259124
52.29000612929288 9.552664282452081
50.927996521458866 11.166970441481459
50.758009971938456 11.26213291442484
52.95923005573737 10.197629824667427
52.60509842354303 10.798321067925054
51.73913971676625 9.3266940157928
51.064649647135084 9.732850570231552
51.943569695502646 10.063032038935974
51.34299644545178 8.278117293076562
50.403528468632885 6.484742020076558
51.28561162882515 10.724815529608955
51.845462975874725 10.09325278417312
52.55809578202774 8.29994394364644
51.060745474784476 9.247676910155041
51.06964682944297 7.778201707113345
51.54065005758577 9.732360247503522
52.43055382784124 9.353501368776616
51.874729146934634 9.198293186921628
51.20175010187255 8.576705882509877
50.51559891644927 12.275784245116771
52.39344250228874 11.524674082291005
52.21574348674712 10.440225476673106
51.43835371900572 10.299418184813943
51.549145660865825 10.228538593606011
51.65106393221864 11.317954449782452
51.71614571288267 10.588564968619412
50.78978366429513 8.661643833874248
52.20579954510211 10.847946738741193
52.52996584690635 8.173832463535682
51.55540175166874 9.445869500107241
51.91727546658256 9.772601559546924
52.01186063241993 8.41324194776722
51.87485947277982 10.308937869984646
51.62916680109105 9.47285159813591
51.342201749762815 9.172135526634943
51.76818553136754 9.223477285798772
51.19894106326138 12.0429417865229
51.28790417114923 9.597839314596277
51.65053324740724 9.970062915233498
51.39152340316342 8.245179442919879
52.296502895715506 10.733180866045315
51.435622419155536 9.572323335891262
52.55855288193087 10.621389655634928
52.60178866527455 8.61201172235804
51.91425843406068 9.987599593485774
52.05291456212772 9.722283001237736
51.35542020643291 8.716841032183149
51.80560035775919 8.017367013647926
52.344842046106045 9.251457697831762
51.058475705494715 9.09719276778917
51.57169532452102 8.553044463961795
51.110796853762814 9.752772405948622
51.67108467930911 9.201543976053022
51.8689269630198 10.699709514387418
51.102312340541076 11.359250185119956
52.71373392340568 9.902929279897378
51.18820178988057 9.021986283113709
52.28529309254073 7.532639848619866
51.68173044021811 9.24484113320366
52.07515097780124 9.154413857263775
51.18819963758859 9.40854261200234
51.296242994523624 9.081549276454034
51.97224952900668 9.818312680080156
49.9020584808183 9.399646220355871
51.94789583433362 9.911606296677386
52.56163714028227 10.283943077203478
51.78234974139878 10.362336292174872
51.000101961693005 9.62278052962567
51.95090419781879 8.458821814067159
50.753662082499616 8.145304267287202
51.561962375545704 8.614219341217643
51.85068545000396 9.482289132175667
51.84023732937798 8.077421344944085
52.18054825224589 10.569708899225768
50.97908376851453 8.98777962312035
52.569872375916184 8.169254813816519
51.82199427675921 9.9083053634001
51.55020996695744 10.031713453649637
51.51777600910828 10.201468493338858
51.810406574618604 9.748129540612142
51.222938665667506 10.264471439382318
51.58395494643932 10.01094289372868
52.03344207662049 9.523522739574835
52.17975067104895 10.566080318765712
52.38046445779707 10.483135951284847
51.23264373628849 9.220711390150816
51.20295963906301 9.355829960500778
50.37365856023931 13.51244582281899
51.84776481366381 9.841319866795367
52.851346970630544 8.169605288578545
50.97620881147596 9.722343224819861
51.457318358393344 8.95712994863025
52.140615468318494 8.897820032907223
51.61123518569567 10.571000807858505
50.86246851720272 8.789115362634039
50.99544422977314 8.918809517371177
50.75751270373959 11.633157987830796
52.04475739600011 9.441599520111145
51.449181011226244 8.464782864464663
52.439390820455934 9.53287212964591
50.39585641081876 6.322763189366892
51.30168103917594 9.420852933542417
52.201461985737545 9.406505843772822
51.19392227101957 13.385451752770733
51.057822419851526 9.966801423342602
52.46206194112409 10.565761585710115
51.53685811373358 10.504660545158181
51.449082424174755 9.846775307872008
52.09924055742572 10.29549920590728
52.2185892189204 9.924588193888967
52.014024130267956 10.188327498727592
51.55219539606315 8.943527199718112
51.98034943356917 8.734049429360926
